Bikki,Gudrun,Aed,Aifric,Benar,Alzbet
Gudny,Menja,Oengus,Allasan,Bene,Anezk
Atli,Fenja,Fergus,Beathag,Bilk,Aneka
Egil,Borghild,Eochaid,Cairistiona,Bohumil,Belia
Erik,Sigrun,Lugaid,Derbforgaill,Bohus,Bozena
Kennet,Hervor,Domnall,Deidre,Buciac,Capeka
Emil,Olrun,Conall,Ealsaid,Capek,Cermaka
Wilan,Swanwhite,Cormac,Eua,Cermak,Frantea
Jame,Mjoll,Fland,Ete,Cerny,Jana
Olaf,Thordis,Eogan,Isobail,Cestmir,Jirina
Sigurd,Vigdis,Eochu,Marsaili,Chval,Krasna
Audun,Dylla,Diarmait,Sitheag,Damek,Krasa
Gunnar,Helga,Fiachra,Tyock,Dudek,Linse
Dean,Kormlad,Crimthann,Borgach,Flesak,Ludmila
Sven,Sigridr,Murchad,Brianag,Frant,Marenka
Onund,Ingun,Donn,Brighde,Gregusk,Marus
Mak,Thora,Ronan,Caitir,Hkink,Milada
Gunnlaug,Halldora,Bran,Ceana,Hned,Mila
Kris,Ragnheid,Niall,Ceanag,Holic,Otka
Svein,Adrian,Bressal,Cicilia,Honza,Rusalka
Thororm,Agda,Congal,Dearbhail,Hrusok,Ruza
Thorir,Alma,Cenn,Deredere,Hudak,Svetla
Thorstein,Amalia,Dunchad,Dolina,Jard,Vlasa
Skuli,Atali,Moehach,Florie,Jrika,Zelenk
Thorkel,Beata,Donngal,Godit,Jaras,Zophie
Thorvald,Berit,Scandlan,Gormla,Jozka,Abame
Grim,Carina,Dimmae,Latharna,Kopek,Arrate
Thorkill,Dagmar,Senach,Nor,Kovar,Alazne
Thorkell,Elsa,Faelan,Morag,Kozel,Amia
Annund,Freya,Tuathal,Mordag,Kral,Andere
Thom,Gala,Fiachna,Muireall,Kramoris,Argi
Waller,Gote,Artt,Muirne,Krej,Arrosa
Mikal,Greta,Dungal,Oighrig,Krock,Balere
Jef,Gudny,Cogalach,Ros,Kubas,Barkarka
Njal,Olga,Fergal,Searlaid,Kusnir,Edurn
Thord,Grynn,Blathmac,Sidheag,Lac,Garaitz
Asbrand,Inga,Dubthach,Sileas,Ladisla,Gechina
Flosi,Ingalill,Dunlang,Slaine,Lev,Gotzon
Ketil,Judit,Corcc,Sorcha,Loza,Konte
Thorgrim,Pia,Loegaire,Agnes,Martinek,Mirari
Thrain,Ragnara,Feradch,Aigneis,Mirek,Naira
Geir,Rakel,Findchad,Ailis,Milnar,osane
Hrapp,Rigmor,Finan,Aimil,Mraz,Tote
Tjorvi,Rosel,Cernach,Airleas,Ondrus,Yanamar
Ottar,Svea,Daire,Alanna,Otic,year
Gelli,Trilby,Ruaidri,Amber,Pafko,Zurine
Magnus,Ulla,Fintan,Annabel,Pekar,Alini
Bjarni,Vega,Guaire,Aselma,Pepik,Halia
Leif,Viveka,Trian,Barabell,Peterk,Ipo
Bjorn,Asdis,Tigernach,Beitris,Praza,Kai
Brand,Maud,Nathi,Carling,Rostlis,Kalana
Falki,Bera,Baetan,Cassidy,Rya,Keile
Fyrie,Bjork,Forannan,Catriona,Siln,Kina
Hrolf,Bren,Cilline,Katrina,Slank,Kona
Halfdan,Dagny,Broccan,Ciarda,Standa,Lala
Thakkrad,Dalla,Duinechaid,Con,Svec,Lani
Ragnar,Draupnir,Colci,Deirdre,Tesar,Lilo
Anir,Bren,Condlae,Dymphna,Tomik,Meka
Bragi,Elli,Rober,Edna,Toman,Noe
Egil,Freida,Wilam,Medina,Tonda,Noelani
Ake,Gerd,Leffery,Eilinoir,Vargo,Ola
Aesir,Lin,Hardin,Erin,Vasek,Alzbet
Afi,Liv,Mattias,Erlina,Vrba,Anezk
Asmund,Kat,Patrik,Grainne,Zapotok,Aneka
An,Jyenn,Jose,Iseabal,Zelen,Belia
Ander,Donna,Javir,Ita,Benar,Bozena
Andvari,Lyra,Ross,Keriam,Bene,Capeka
Annar,Estrid,Philip,Kyna,Bilk,Cermaka
Aren,Kyme,Hubrect,Lili,Bohumil,Frantea
Arild,Antoinnette,Wryan,Mairearad,Bohus,Jana
Armod,Toni,Hraff,Maolmin,Buciac,Jirina
Arni,Tria,Arnold,Marsali,Capek,Krasna
Aros,Tori,Heirold,Mildread,Cermak,Krasa
Richard,Jules,Gren,Nara,Cerny,Linse
Robert,Shera,Calan,Peggi,Cestmir,Ludmila
Guy,Shori,Cron,Raonaid,Chval,Marenka
Zigmund,Tyna,Yoel,Rose,Damek,Marus
Wane,Sigrid,Stev,Seana,Dudek,Milada
Wade,Phara,Mario,Phelan,Flesak,Mila